0.011625
0.0237134
0.0361547
0.0488339
0.0616331
0.0744331
0.0871152
0.0995627
0.111662
0.123307
0.134394
0.14483
0.154531
0.163423
0.17144
0.178532
0.184656
0.189784
0.193899
0.196994
0.199077
0.200163
0.20028
0.199462
0.197755
0.195211
0.191886
0.187845
0.183155
0.177885
0.172108
0.165897
0.159324
0.152461
0.145378
0.138141
0.130813
0.123455
0.116121
0.108862
0.101723
0.094746
0.087965
0.0814107
0.0751082
0.069078
0.0633357
0.0578929
0.0527569
0.0479313
0.0434164
0.0392095
0.0353053
0.0316961
0.0283724
0.0253232
0.022536
0.0199977
0.0176943
0.0156113
0.0137343
0.0120486
0.0105399
0.0091941
0.00799762
0.00693736
0.00600086
0.00517633
0.00445271
0.00381965
0.00326755
0.00278756
0.00237155
0.00201209
0.00170246
0.00143654
0.00120885
0.00101449
0.000849057
0.000708672
0.00058989
0.000489677
0.000405375
0.00033466
0.000275508
0.000226165
0.000185114
0.000151048
0.000122847
9.95513e-05
8.03406e-05
6.45173e-05
5.14876e-05
4.07466e-05
3.18643e-05
2.44729e-05
1.82556e-05
1.29362e-05
8.2686e-06
4.02785e-06
