0.0480805
0.0964777
0.143144
0.18616
0.223857
0.254914
0.278422
0.293919
0.301387
0.301212
0.294125
0.281121
0.263365
0.242101
0.218568
0.193924
0.169194
0.14523
0.122694
0.102055
0.0836035
0.0674691
0.0536508
0.0420461
0.0324811
0.0247379
0.0185774
0.0137579
0.0100489
0.00723983
0.00514552
0.00360794
0.00249607
0.00170395
0.00114786
0.000763114
0.000500707
0.000324265
0.000207283
0.000130798
8.14772e-05
5.0106e-05
3.04218e-05
1.82366e-05
1.07941e-05
6.30856e-06
3.64081e-06
2.07494e-06
1.16782e-06
6.49114e-07
3.56334e-07
1.93199e-07
1.03463e-07
5.47289e-08
2.85974e-08
1.47628e-08
7.52967e-09
3.79237e-09
1.88493e-09
9.24375e-10
4.46699e-10
2.13646e-10
1.02034e-10
5.02423e-11
2.50736e-11
1.19948e-11
6.09503e-12
2.76844e-12
-1.29928e-12
-4.22666e-12
-4.06437e-12
-1.8271e-12
-5.61334e-13
-1.67521e-12
-2.77222e-13
3.95658e-12
5.92597e-12
4.92907e-12
2.88239e-12
3.07093e-12
5.48513e-12
5.05194e-12
1.64677e-12
-3.15102e-13
2.75774e-13
1.97439e-12
2.58556e-12
5.25794e-13
-1.6217e-12
-6.791e-13
1.31754e-12
1.66034e-12
9.32872e-13
-3.56898e-13
-1.23675e-12
-8.66993e-14
1.21989e-12
5.25244e-13
-2.78043e-13
-3.23921e-14
