0.000390057
0.000855995
0.00140286
0.00203559
0.00275899
0.0035777
0.00449615
0.00551855
0.00664883
0.00789065
0.00924733
0.0107218
0.0123167
0.0140342
0.015876
0.0178433
0.019937
0.0221573
0.0245039
0.0269762
0.0295726
0.0322913
0.0351297
0.0380847
0.0411527
0.0443294
0.0476097
0.0509884
0.0544592
0.0580156
0.0616504
0.0653558
0.0691235
0.0729447
0.0768102
0.0807104
0.0846349
0.0885734
0.0925149
0.0964482
0.100362
0.104244
0.108083
0.111866
0.115582
0.119218
0.122761
0.1262
0.129523
0.132716
0.135769
0.13867
0.141406
0.143968
0.146344
0.148524
0.150498
0.152257
0.153791
0.155092
0.156153
0.156966
0.157526
0.157825
0.157859
0.157623
0.157115
0.15633
0.155267
0.153925
0.152303
0.150401
0.148221
0.145763
0.143032
0.140029
0.13676
0.133229
0.129442
0.125405
0.121126
0.116611
0.11187
0.10691
0.101742
0.0963756
0.0908211
0.0850894
0.0791919
0.0731404
0.0669469
0.0606236
0.0541833
0.0476386
0.0410024
0.034288
0.0275083
0.0206766
0.0138059
0.00690937
