0.0170177
0.0353583
0.0546821
0.0746218
0.0947935
0.114807
0.134278
0.152838
0.170146
0.185896
0.199825
0.211721
0.221423
0.228828
0.233887
0.236607
0.237045
0.235306
0.231535
0.22591
0.218637
0.209942
0.200061
0.189236
0.177706
0.165702
0.153441
0.141124
0.128931
0.11702
0.105522
0.0945478
0.0841816
0.0744857
0.0655009
0.0572491
0.0497349
0.0429485
0.0368682
0.0314623
0.0266923
0.022514
0.0188803
0.0157423
0.0130511
0.0107587
0.00881893
0.00718836
0.00582656
0.0046965
0.00376467
0.00300109
0.00237925
0.00187593
0.00147103
0.00114726
0.000889903
0.000686551
0.000526817
0.000402078
0.000305232
0.000230476
0.000173103
0.000129321
9.61013e-05
7.10374e-05
5.22335e-05
3.82051e-05
2.77975e-05
2.01192e-05
1.44856e-05
1.03751e-05
7.39229e-06
5.23963e-06
3.69453e-06
2.59157e-06
1.80847e-06
1.25548e-06
8.67079e-07
5.95733e-07
4.07206e-07
2.76903e-07
1.87317e-07
1.26052e-07
8.43551e-08
5.61426e-08
3.71861e-08
2.44957e-08
1.60691e-08
1.05029e-08
6.81646e-09
4.41825e-09
2.84407e-09
1.81361e-09
1.13501e-09
6.81533e-10
3.93946e-10
2.06533e-10
1.03909e-10
4.1984e-11
