0.00593704
0.0118629
0.0177666
0.0236371
0.0294633
0.0352347
0.0409404
0.0465702
0.0521138
0.0575614
0.0629033
0.0681302
0.0732332
0.0782038
0.0830337
0.0877153
0.0922411
0.0966045
0.100799
0.104819
0.108658
0.112313
0.115778
0.11905
0.122125
0.125002
0.127677
0.130149
0.132417
0.13448
0.136339
0.137992
0.139443
0.140691
0.141739
0.142589
0.143244
0.143707
0.143982
0.144072
0.143982
0.143717
0.143281
0.14268
0.141919
0.141005
0.139943
0.138739
0.1374
0.135933
0.134343
0.132638
0.130824
0.128908
0.126898
0.124799
0.12262
0.120366
0.118045
0.115663
0.113227
0.110743
0.108217
0.105657
0.103068
0.100455
0.097825
0.0951831
0.0925347
0.0898849
0.0872386
0.0846006
0.0819752
0.0793668
0.0767793
0.0742166
0.0716823
0.0691795
0.0667114
0.0642809
0.0618906
0.0595429
0.0572399
0.0549836
0.0527758
0.050618
0.0485116
0.0464576
0.044457
0.0425107
0.0406191
0.0387828
0.037002
0.0352768
0.0336073
0.0319932
0.0304344
0.0289303
0.0274805
0.0260844
0.0247413
0.0234504
0.0222108
0.0210216
0.0198818
0.0187904
0.0177462
0.0167482
0.015795
0.0148855
0.0140185
0.0131926
0.0124067
0.0116593
0.0109493
0.0102754
0.00963618
0.00903043
0.00845687
0.00791423
0.00740127
0.00691677
0.00645951
0.00602831
0.00562202
0.0052395
0.00487965
0.0045414
0.00422369
0.00392553
0.00364591
0.00338391
0.00313859
0.00290907
0.0026945
0.00249407
0.00230697
0.00213247
0.00196983
0.00181837
0.00167741
0.00154634
0.00142455
0.00131147
0.00120656
0.00110928
0.00101917
0.00093575
0.00085858
0.000787247
0.000721357
0.000660539
0.000604444
0.000552743
0.000505127
0.000461304
0.000421001
0.000383962
0.000349948
0.000318734
0.000290109
0.000263878
0.000239858
0.000217877
0.000197776
0.000179408
0.000162635
0.000147329
0.000133371
0.00012065
0.000109066
9.85226e-05
8.89333e-05
8.02169e-05
7.22989e-05
6.51102e-05
5.85872e-05
5.26714e-05
4.73087e-05
4.24495e-05
3.80479e-05
3.40619e-05
3.04527e-05
2.71848e-05
2.42255e-05
2.15447e-05
1.91145e-05
1.69097e-05
1.49066e-05
1.30836e-05
1.14205e-05
9.89879e-06
8.50104e-06
7.21105e-06
6.01355e-06
4.89409e-06
3.8389e-06
2.83472e-06
1.86862e-06
9.27932e-07
