0.0473604
0.0933062
0.136493
0.175712
0.209947
0.238414
0.260595
0.276243
0.28538
0.288277
0.285417
0.277457
0.265177
0.249432
0.2311
0.211043
0.190063
0.16888
0.148108
0.128244
0.109667
0.0926388
0.0773184
0.063771
0.0519857
0.0418916
0.0333739
0.026289
0.0204773
0.0157741
0.0120178
0.00905625
0.00675067
0.00497792
0.00363144
0.00262098
0.00187165
0.00132246
0.000924606
0.000639672
0.000437915
0.000296648
0.00019882
0.000131795
8.63355e-05
5.57717e-05
3.53379e-05
2.16512e-05
1.2304e-05
5.54225e-06
