0.0167829
0.03344
0.0498473
0.0658836
0.0814325
0.0963835
0.110633
0.124088
0.136661
0.14828
0.158878
0.168406
0.176823
0.184101
0.190223
0.195187
0.199
0.20168
0.203256
0.203767
0.203259
0.201788
0.199414
0.196204
0.192229
0.187564
0.182285
0.17647
0.170196
0.16354
0.156579
0.149383
0.142024
0.134566
0.127072
0.119598
0.112196
0.104912
0.097789
0.0908621
0.0841625
0.0777161
0.0715438
0.0656619
0.0600821
0.0548122
0.0498563
0.0452148
0.0408854
0.036863
0.0331402
0.0297076
0.0265543
0.0236681
0.0210358
0.0186435
0.0164768
0.0145212
0.012762
0.0111847
0.00977524
0.00851982
0.0074052
0.00641875
0.00554849
0.00478314
0.00411215
0.0035257
0.0030147
0.00257081
0.00218637
0.00185443
0.00156866
0.00132338
0.00111346
0.000934346
0.000781953
0.000652673
0.000543318
0.000451081
0.000373505
0.000308445
0.000254034
0.000208657
0.000170916
0.000139612
0.000113715
9.23444e-05
7.4751e-05
6.02977e-05
4.84449e-05
3.87362e-05
3.07862e-05
2.42695e-05
1.89112e-05
1.44778e-05
1.07697e-05
7.61421e-06
4.85866e-06
2.36431e-06
