0.0238648
0.0474437
0.0704566
0.0926345
0.113725
0.133497
0.151744
0.16829
0.18299
0.195732
0.20644
0.215071
0.221617
0.226105
0.228589
0.229155
0.22791
0.224986
0.220529
0.2147
0.207671
0.199616
0.190712
0.181134
0.171054
0.160632
0.150021
0.13936
0.128775
0.118379
0.108267
0.0985219
0.0892088
0.08038
0.0720738
0.0643157
0.0571197
0.0504898
0.0444207
0.0388999
0.0339082
0.0294219
0.025413
0.0218512
0.018704
0.0159386
0.0135215
0.0114202
0.00960292
0.00803933
0.00670088
0.00556092
0.00459485
0.00378017
0.00309651
0.00252559
0.00205109
0.00165861
0.00133551
0.00107078
0.000854879
0.000679619
0.000538006
0.000424105
0.000332912
0.00026023
0.000202563
0.000157016
0.000121202
9.3167e-05
7.13186e-05
5.4367e-05
4.12727e-05
3.12024e-05
2.34915e-05
1.76132e-05
1.31514e-05
9.77946e-06
7.24215e-06
5.3411e-06
3.92286e-06
2.86942e-06
2.09032e-06
1.51654e-06
1.09571e-06
7.88395e-07
5.64975e-07
4.03273e-07
2.8668e-07
2.02903e-07
1.42971e-07
1.00284e-07
7.00488e-08
4.86697e-08
3.3568e-08
2.29091e-08
1.53369e-08
9.91918e-09
5.93681e-09
2.78883e-09
