0.0365526
0.0723323
0.106593
0.138642
0.167864
0.193737
0.215851
0.23392
0.247778
0.257387
0.262827
0.264287
0.262046
0.256466
0.247962
0.236991
0.224031
0.209559
0.194039
0.177909
0.161566
0.14536
0.129591
0.114503
0.100285
0.0870747
0.0749622
0.063993
0.0541759
0.0454885
0.0378838
0.0312964
0.0256479
0.0208523
0.01682
0.0134613
0.0106896
0.00842301
0.006586
0.00511024
0.00393498
0.00300705
0.00228059
0.00171663
0.00128245
0.000950937
0.000699873
0.000511275
0.000370739
0.00026685
0.000190662
0.000135227
9.52088e-05
6.65443e-05
4.61714e-05
3.18032e-05
2.17476e-05
1.4764e-05
9.95059e-06
6.65821e-06
4.42319e-06
2.91735e-06
1.91037e-06
1.24202e-06
8.01748e-07
5.13856e-07
3.26994e-07
2.06593e-07
1.29591e-07
8.07277e-08
4.99407e-08
3.06569e-08
1.86805e-08
1.13055e-08
6.80458e-09
4.07384e-09
2.40642e-09
1.40216e-09
8.15976e-10
4.90239e-10
2.93796e-10
1.5544e-10
7.87148e-11
4.07832e-11
3.06935e-11
3.20686e-11
1.29066e-11
-4.61885e-12
-2.46047e-12
4.67154e-12
7.76002e-12
3.19759e-12
-2.98658e-12
-3.54263e-12
1.61153e-12
7.09401e-12
4.90409e-12
-1.67675e-12
-3.28822e-12
-7.87587e-13
